camera_matrix:
- [466.2065453725797, 0.0, 329.2036405395314]
- [0.0, 466.2874336082548, 241.29786862066717]
- [0.0, 0.0, 1.0]
distortion_coefficients:
- [0.03616015960455416, -0.16095216556377656, 0.001255318426865699, 0.002809278260653845,
  0.18779361113958323]
hand_eye_rpy: [0.28877468848869403, -0.3780929404877184, -157.942715087004]
hand_eye_transformation_matrix:
- [-0.9267886761628419, 0.3755594689533751, 0.004223152352457439, -0.01668157654032007]
- [-0.37552523751014383, -0.9267845943389779, 0.0071492439382321304, 0.06399573416513216]
- [0.006598918796663397, 0.005039938034881342, 0.9999655260534328, 0.028394120515673436]
- [0.0, 0.0, 0.0, 1.0]
inverse_hand_eye_rpy: [0.4096286468034641, -0.24196952529520502, 157.94089730462167]
inverse_hand_eye_transformation_matrix:
- [-0.9267886761628349, -0.37552523751014, 0.006598918796664538, 0.008384346538299154]
- [0.3755594689533759, -0.9267845943389773, 0.0050399380348812575, 0.06543207994649078]
- [0.004223152352456304, 0.0071492439382317575, 0.9999655260534337, -0.028780213933623813]
- [0.0, 0.0, 0.0, 1.0]
