camera_matrix:
- [465.51983759479447, 0.0, 321.70972635899943]
- [0.0, 465.5639815816101, 240.0613345528712]
- [0.0, 0.0, 1.0]
distortion_coefficients:
- [0.015836185921258593, -0.07374871472999558, -9.620747067857345e-05, 0.0004079455005550405,
  0.05524213865863935]
hand_eye_rpy: [0.13934557353960927, 0.08267803019431494, 89.04741430977307]
hand_eye_transformation_matrix:
- [0.016624973466721954, -0.9998587799494272, 0.0024556903862718027, 0.06265128773386482]
- [0.9998607543046083, 0.01662845056066818, 0.0014023670613352301, -0.013573660811147793]
- [-0.0014430033451691415, 0.0024320341267702293, 0.9999960014676816, 0.028011496270034728]
- [0.0, 0.0, 0.0, 1.0]
inverse_hand_eye_rpy: [0.08034998255150765, -0.1407008363384927, -89.04741242911146]
inverse_hand_eye_transformation_matrix:
- [0.016624973466719758, 0.9998607543046047, -0.0014430033451683336, 0.012570615423898587]
- [-0.9998587799494276, 0.016628450560670322, 0.002432034126770993, 0.06280002414869745]
- [0.002455690386271051, 0.0014023670613360407, 0.9999960014676821, -0.02814620117531387]
- [0.0, 0.0, 0.0, 1.0]
